153.74
173.87
134.94
144.06
166.68
135.27
149.31
149.65
145.41
118.83
145.64
166.88
149.9
178.98
128.73
162
136.84
155.2
163.99
212
104.2
133.18
170.55
120.27
132.53
140.76
142.44
102.66
103.44
129.34
149.42
171.35
119.55
146.03
123.07
164.13
126.88
140.09
117.73
170.06
137.14
171.33
171.42
81.42
184.37
169.34
188.55
187.16
196.9
190.18
129.51
136.57
140.96
140.49
121.54
138.46
147.13
98.83
172.32
193.34
146.94
146.26
151.31
231.78
108
121.72
150.54
101.05
193.91
166.35
130.88
172.58
108.8
104.1
139.75
175.75
161.48
163.67
156.7
197.83
129.61
152.45
189.03
144.87
117.89
167.97
166.28
162.4
144.7
126.61
125.65
109.76
168.5
191.53
83.84
182.15
129.6
159.77
165.75
139.41
183.36
122.18
146.67
158.46
191.92
149.76
132.7
151.41
150.57
132.31
145.8
161.14
130.11
99.07
94.55
191.49
166.88
154.33
158.12
152.7
157.04
130.84
129.98
142.77
150.7
153.3
163.29
120.02
158.66
191.38
159.59
166.24
141.51
172.12
196.09
163.19
141.07
188.54
150.56
121.21
113.87
153.1
176.54
123.84
112.64
121.83
111.27
193.59
148.26
149.16
182.43
146.19
174.41
140.78
166.99
150.72
107.51
196.37
234.93
155.46
155.01
135.33
161.49
184.02
116.77
186.36
171.27
105.6
186.91
150.01
140.47
187.53
154.74
103.88
145.7
125.57
135.07
150.2
169.64
145.49
156.51
173.76
144.54
179.15
165.27
213.24
117.4
181.57
166.16
109.67
202.38
159.28
107.76
118
199.85
178.49
197.84
106.09
127.93
171.06
107.85
147.48
164.72
120.34
135.89
153.82
136.45
156.49
174.31
166.73
120.48
129.97
150.15
180.33
197.17
146.26
91.05
113.24
175.74
157.68
165.1
131.35
79.56
89.61
161.36
143.63
154.22
140.06
208.92
138.62
197.88
113.21
186.49
172.22
147.73
134.7
163.37
155.83
182.05
111.5
167.61
124.12
191.95
162.7
103.04
136.35
170.91
163.37
125.71
219.12
191.94
161.03
142.7
162.9
121.18
168.64
121.09
142.39
109.25
130.67
110.89
139.54
172.26
116.07
125.9
167.7
125.44
127.89
156.44
104.08
192.72
102.44
132.57
182.81
141.91
128.62
126.63
170.46
145.18
157.92
165.41
156.46
136.04
135.93
78.39
164.01
169.63
135.41
136.5
137.21
163.13
101.82
134.78
144.26
139.66
134.91
150.19
105.76
128.02
153.02
189.34
91.23
145.33
163.8
166.66
83.01
122.84
136.34
63.11
176.35
102.4
148.54
177.89
163.16
130.39
142.98
189.54
113.01
134.47
134.99
150.79
118.29
131.02
198.91
191.72
196.96
105.19
150.03
168.05
147.74
158.62
144.02
166.76
117.11
135.65
158.67
180.6
148.15
119.26
143.34
113.62
158.68
102.78
154.07
130.13
161.58
174.79
157.44
207.14
201.1
184.52
96.26
185.42
128.03
162.34
157.05
174.49
156.61
111.17
123.23
203.11
136.83
206.94
140.32
104.39
163.57
126.37
139.6
166.71
162.44
156.18
177.04
196.65
169.36
170.39
144.63
184.52
153.3
137.64
91.61
143.68
133.75
158.25
141.21
229.55
171.59
141.64
157.53
162.71
159.87
137.77
99.89
138.89
148.39
139.22
101.46
150.07
154.08
144.01
163.78
172.03
160.61
125.76
96.82
217.67
183.82
109
100.83
144.11
144.74
185.38
127.6
165.11
113.35
133.64
92.47
171.45
138.25
168.25
154.21
136.82
149
146.93
150.39
213.92
130.46
81.88
180.79
176.68
160.45
130.69
121.6
100.52
145.18
149.39
110.87
141.68
124.28
158.02
187.87
118.12
157.5
57.49
122.09
151.07
172.55
126.69
191.92
165.32
124.04
193.02
152.84
176.11
153.29
141.95
104.75
208.97
139.03
152.71
179.8
133.01
129.05
146.85
131.44
135.14
137.04
144.96
167.95
100.16
164.69
156.04
147.53
153.14
92.96
146.36
106.15
110.25
117.5
143.17
171.89
214.47
109.96
173.27
160.28
186.51
147.68
115.9
133.91
170.95
180.49
186.9
169.54
121.38
191.15
110.8
151.71
167.62
147.37
133.29
144.97